Size 674,2
5.956390528888887189e-12,2.048725195757346241e-11
1.247453452318887790e-11,5.934487297439371685e-12
-inf,inf
1.616235432523995863e+287,2.759129300931052426e+287
1.420236674870526361e+256,-1.442484599381072877e+255
1.007598058042031894e+201,-9.376466900990280947e+200
-3.134201045086429024e+190,3.862353287841908243e+191
9.896395339042946956e-12,3.778951637731147609e-12
4.073099151844350229e-11,1.557706283674381464e-12
3.423475075559303193e-11,4.028519633717691523e-11
2.163395054522458761e-11,3.586976256203039920e-12
2.472617145574446550e-11,1.799930254998436083e-12
4.142287594717233980e-12,2.525056058515344949e-11
3.919776531697741377e-11,1.133814333857282528e-11
4.064337859264542735e-11,2.282574402115413515e-11
4.005199134350853297e-11,8.838598102569281382e-13
1.530520508169393846e-11,4.218047007024969313e-11
3.161667038468621170e-11,2.592311863319150895e-12
2.797171498641094061e-12,1.923747933957168895e-11
8.104195636320805213e-13,3.995922471619293789e-11
1.699948445558293995e-11,1.257503170278078226e-11
1.953897087834738264e-11,2.322386746338354948e-11
9.047323014029364043e-12,3.691467554471024888e-11
5.148547816015571178e-12,1.601770431649288560e-11
1.773775219796955885e-11,2.967243648719684065e-11
8.370899689853145097e-12,3.693657877615976923e-11
2.653383226301917492e-11,3.831648235747923469e-11
-inf,inf
9.601837467377037719e+293,-1.561689888846366836e+294
-2.622688246190253964e+291,3.272448744562558555e+291
-2.396861980968911912e+287,1.831972574242430945e+288
3.294944004388860580e+284,4.895189216971572257e+284
6.635890370939594805e+281,1.508412381755726234e+281
-1.028754340918068084e+278,9.638982602126299450e+278
5.423493136618911419e+274,-9.051402102075806460e+275
1.266206983977882982e+270,2.302246284295531065e+272
5.837824564587263940e+269,-1.628343009311565030e+270
3.741303846108429283e+267,-2.807107760454662770e+267
-2.154314547278697854e+264,3.868357969925435906e+264
1.118518446328917933e+261,-1.333570757810836303e+261
-7.592158368741125511e+257,1.217797605997969382e+258
1.801990981516647946e+254,-8.356414840401964859e+253
-3.072694098435614785e+250,3.693773608578542936e+250
-1.024075058658578690e+246,-1.657322509421385991e+246
-2.191161138238713032e+242,4.637643524279458791e+242
1.240067023471083782e+239,-2.050327642674263936e+239
-5.758197216686823994e+233,-5.316236491103945211e+235
-4.615806701644577174e+231,-3.870630388924828012e+231
3.224195735257397947e+228,6.446571244216104744e+228
-2.403728484914104352e+224,3.640292725161772336e+224
5.230263496221511408e+220,-1.373593893845111150e+221
4.512633810246966406e+217,-8.474692775044954433e+217
-7.538512036374707414e+213,1.103158013408392341e+214
-2.104287089297780193e+210,1.373908035967958323e+210
9.476027261071914460e+284,-5.399872784182729088e+284
-1.217049885949312093e+285,-9.190795462536431322e+284
6.006728676244484207e+284,-8.686936032353210583e+284
-8.577968982344449239e+284,5.690928703963358604e+285
8.814694833077619906e+288,-1.159678493729530402e+290
3.534710991458064532e+290,-6.279926264461479962e+291
-6.386617469196278834e+291,3.786827347359946050e+291
5.407342119216326392e+295,-2.390445890542433839e+295
-4.646195891404890182e+295,-8.117611082438041047e+295
-5.706285089273302154e+291,1.878164750989581703e+291
2.933673088934395487e+296,2.171680847955207103e+296
-inf,-inf
inf,inf
-1.613906193119260567e+294,-2.249605914628302623e+293
2.283826305091471848e+290,-1.274273407051379533e+291
-3.415354650466795566e+287,2.203147238943732374e+288
9.204435029189203606e+283,1.269968427484138584e+285
2.233200926954673496e+281,-5.989608475831618727e+279
-8.032807552013524993e+278,-7.234843648247311594e+277
1.732810298046185822e+275,-3.961282700639161395e+275
6.107375916593137720e+271,-4.927673512357035212e+268
2.585267270487263645e+269,1.266175603106403046e+270
-1.783892056744144354e+267,5.887635502454361097e+265
6.461789078384045885e+262,8.632088486316320129e+261
4.410712600343498564e+258,4.584167474332045953e+259
9.429449563821211474e+250,1.051021863285344603e+252
-3.499650522497583335e+248,-1.022925457071332602e+248
1.422291069073729929e+245,8.155854716839142978e+244
-1.684121620380630571e+241,-1.951744124236907873e+241
-7.114624735845784745e+240,-1.826410594387292402e+241
3.222947841303641842e+237,4.946688842758168848e+237
1.829954046586623082e+237,4.323550886393629479e+237
3.179115958678012181e+236,2.466616447954910397e+236
-2.661023051534676684e+232,7.065016183116818068e+231
8.549089927794906332e+229,-3.537301848128808274e+230
1.301229293028529690e+226,2.361389588186421035e+227
1.169529891973880113e+224,3.976312704948398705e+225
7.437953912853106506e+220,2.906975594455008223e+221
-1.192243608731430936e+217,-1.105947907534517560e+218
-2.483767953861938240e+214,-5.629794617238374463e+214
1.642319363786059853e+211,-1.224299473920696815e+211
-4.909609581181907512e+207,-4.576041436795559467e+207
-2.170052496167708436e+203,4.163861268576321565e+203
-7.457636797567378274e+198,1.053716526643691044e+198
-4.321312274683006089e+200,8.198216427997704587e+200
5.434087301872090860e+203,-4.346247380164626123e+203
4.363907040329328138e+201,-1.354797881927220559e+202
-4.831308884613662850e+199,-7.187436319714240037e+199
-3.854602294561247348e+197,7.263132090189083139e+196
-1.633947876354452932e+194,8.020711195910929420e+194
1.177437752253557002e+192,1.228980225674493782e+192
-6.283422663020721937e+191,1.516107425141226737e+190
-1.749473064547392895e+188,-2.695517002924988178e+188
6.384527864738417464e+186,-2.331973370938509727e+187
-3.588278711425442637e+189,8.802217680689824939e+189
1.112276671375225775e+192,-1.726627367446469397e+192
1.130179107819119257e+193,-1.446507772263020821e+193
2.404256269027000495e+195,-6.977924969549228080e+195
-6.049429097374855675e+193,3.230765310700658894e+194
-3.576340939031015150e+184,-5.351695073957690341e+184
1.183272972324675490e+185,-2.967903718414711253e+183
-8.526394149829782548e+184,-1.502111355716565907e+185
6.947962403687682183e+185,-4.599979305390907445e+185
-2.630324941098159861e+186,-3.615062346640144131e+186
8.418831432593536842e+185,6.656845512303711186e+185
-1.359232124438313321e+186,-1.211169368639893023e+186
5.373327088624254525e+188,-6.098716777021355546e+188
3.086914232642994797e+189,-4.983951240850114626e+188
3.313314705622033232e-11,2.355756963664382965e-11
3.469858389217101378e-11,3.125462285307950940e-11
2.248688814637631224e-11,2.564868402738288320e-11
3.458262560802649731e-11,3.169784118358736547e-11
3.592129957720572414e-11,1.180197647515081400e-12
1.782407669838825214e-11,2.097685360173912248e-11
4.398684245214507745e-12,8.896577244641518813e-12
2.611509401471960896e-11,4.482431894874417543e-12
6.225671433179995219e-12,2.551726463868579987e-11
1.771842581727881472e-11,3.744421837563677886e-11
2.493876164334270583e-11,3.948894945271802841e-11
7.413599632971372775e-12,1.577161506903067391e-11
2.260284643052082224e-11,3.344752284878984897e-11
1.259951178498906106e-11,3.159476715323670427e-11
2.486660982209722563e-13,3.290380733869010793e-11
3.159347872785733555e-11,2.473390200802076186e-11
6.257882067664571996e-12,1.812556823716392645e-11
2.877826927390484508e-11,2.191611570330953394e-11
4.322667147830892689e-12,3.471404499672361296e-11
3.212688683492199755e-11,1.279406401727592922e-11
1.800960995301943260e-11,1.496892605767490146e-11
3.547808124669788100e-11,6.429242643122551687e-13
1.061147142460066547e-11,3.072636844753236754e-11
3.651784052786018389e-11,2.572856640090463594e-11
1.454503410785780729e-11,6.688216144378584105e-12
3.912690192111130673e-11,5.135663562221736913e-12
1.872983974009467932e-11,8.341265906127328387e-12
-8.860557623055456123e+293,-4.413277735037552888e+292
1.348374246150706082e+190,-6.083811311950912391e+190
-1.106519827593244514e+189,-2.879787177123337778e+189
-2.434049869856537794e+293,1.413746300701720076e+294
7.971757587520593899e+284,-5.644717610364149948e+284
-5.917108677613685989e+189,1.676226707262347287e+190
-2.934992768061263596e+217,-1.415162400368570513e+218
-5.431401317322986370e+240,9.905881606175461421e+238
1.049589295550130958e+282,4.971837926529655849e+281
-1.837137703437700687e+190,3.002317108557990275e+191
3.297158591074598253e+191,2.282793770126879153e+191
1.615030312736303537e+270,-1.561770288274393973e+270
-3.946203911219809024e+269,1.155273061588237923e+269
8.417222701050170716e+202,-9.109051426154663373e+201
-3.825474563544065953e+224,7.081368110525891787e+224
-3.351840481960492904e+204,-1.088223438256949004e+204
1.988125321301419081e+235,-8.577942602229543224e+235
1.893764368190085144e+198,5.611872034720966084e+197
-1.402995577762985951e+200,-1.103659072060410680e+200
1.276353765022808073e+259,3.665650335138313135e+259
-1.794491325431386348e+223,1.337789959101840605e+223
1.669506028263370435e+224,6.890487708600042480e+224
1.607691664645835271e+261,-2.487284250003606407e+261
-3.909929865047197590e+198,-4.083977590922645654e+199
6.572612230869324630e+251,6.129424408321723712e+250
-1.159272449983202850e+207,1.371037895741743029e+206
-1.082266745938938720e+225,-2.855387896769796733e+225
-6.877876580641615910e+239,-4.330691052860093216e+239
-8.591060122849140713e+200,7.144212307597087436e+199
-2.809221718309100310e+250,9.318202638784281928e+250
1.371617455162847618e+194,4.091752475115144506e+194
-2.923827091713859266e+291,5.322175239066049851e+291
1.073835231799492486e+236,-5.419070595789716722e+236
2.375449645022532866e+230,-9.382713463589000241e+230
2.384347620461837042e+242,-5.632587609898567481e+242
-1.732499419793135602e+201,1.679678913000228729e+200
-9.196862201506144330e+186,-3.069689068662642003e+185
-1.962128715569487677e+275,-5.904827538400599104e+275
-9.880582413111635507e+193,2.519062765614873988e+194
-3.067220078329577112e+278,-8.007908449825598769e+277
9.119346570147993350e+230,4.848541081692136789e+230
4.970384428437259878e+229,-1.258395555415520395e+230
-inf,-inf
1.643241609141936515e+195,-2.396780917306794685e+195
-3.034400072078350969e+289,-3.944524421956728789e+289
7.794165693614826205e+188,-9.458434853039079273e+188
7.693744437991271323e+216,-5.419441885668331979e+216
-1.357437148508846619e+220,1.125101935157089221e+220
-1.844031753668915749e+237,9.540266682803917538e+237
3.789332955057763127e+237,-4.700656889619498664e+237
-1.121042299004512338e+187,-1.583133727058909571e+188
5.734495082793562338e+295,-1.026712603654658007e+296
1.370636500402441097e+218,-5.994729060296559407e+217
1.014818174668022389e+208,-7.461450728120984547e+207
7.367753363218883246e+190,-3.884851640750227904e+191
2.601786108998619773e+288,1.545857170885109913e+289
nan,inf
1.350963295504126944e+188,2.594596819770629521e+189
-3.300392676076064448e+241,4.516854612776115293e+240
-8.873787560364150378e+237,2.221143377128640213e+237
-5.328431676118474708e+237,-4.133063771549837672e+237
3.358830621171065716e+234,-2.719420846065585762e+234
1.753389026832514689e+234,3.537162089706514121e+233
-6.984196269664926980e+235,-1.475774773104378827e+236
-4.662669031046561140e+231,-3.220886890053751246e+231
-3.936941410160747953e+231,-4.128593256671483418e+230
1.716926257701446722e+228,-4.420659661587379129e+228
1.831082129564411587e+227,-9.760640174071423369e+228
-4.197845507266898004e+234,1.848369161219101180e+234
-2.464413901028468729e+231,2.249872390841242852e+231
-3.588518409219435976e+234,3.249240250296588612e+234
2.581382620142525232e+225,-9.314674714428912208e+224
-3.741529434150883054e+224,-9.347540745455585225e+223
1.493596793329521563e+230,1.245127036098607772e+229
5.268761486077128380e+233,5.521455345916862888e+234
4.364718665587337746e+236,-5.736313753247031928e+236
-1.522559260616422276e+236,-2.799038098667528056e+237
1.702675238127704116e+229,1.317966752068909902e+226
1.239710046636870525e+231,5.561628286399378863e+231
-1.554493891738220472e+232,6.082470521918546875e+231
1.143017111110604580e+236,-6.685202468579525947e+235
-5.738936376406650868e+227,2.764687525560887643e+227
-1.248271178094261323e+221,-2.847262924775327751e+220
-3.857632829768221357e+239,-1.074347908294391108e+240
-1.296896074112481432e+240,-2.107169716435758653e+240
6.967048866366877207e+220,4.137963884910846474e+220
-5.025473314620921255e+215,4.938963222213630641e+214
2.520603632714721865e+217,1.722548715413443680e+218
5.834481896216349909e+213,-6.143148132048071252e+213
-3.087572760059314365e+214,-3.433581876549411090e+214
4.721385775376603710e+217,-5.459589954906289080e+217
-6.489118221488177263e+211,3.441312016752755113e+214
1.231988025994842174e+217,1.567641692336919839e+218
1.059586584458061803e+216,1.117047055159784296e+216
-3.119077288022783714e+209,1.162549519251204294e+209
-5.700522376811598064e+218,1.722684574283009373e+216
7.884590844490718932e+218,8.936450016794620422e+217
6.046763749080706820e+211,1.055046389977865200e+212
6.749700468675286305e+214,1.431909098645611731e+215
-1.167790728537387022e+221,-6.723073228855209367e+221
-1.334384038484108450e+221,-5.508479051845020070e+221
-3.360598347531213473e+209,1.312269883306581545e+210
1.680007140675807826e+206,-8.900344037770004537e+207
5.933178763528657519e+205,-8.210809950272445628e+205
-3.759596270272420437e+203,1.218618736676492012e+204
-5.509418072286156083e+201,3.861892992813500564e+202
-3.602768762355225001e+206,-1.269190124927840533e+205
-6.457164651046653974e+221,5.496407063008087952e+221
5.715771706028624534e+224,1.260609881237731659e+225
1.162032128398895919e+225,-2.255013833087541437e+225
6.688863904851876888e+199,1.174081618806934488e+200
4.897911517969412836e+198,-6.144175016621161042e+198
9.122289431994158721e+200,1.282411339057260898e+201
4.918614511908623258e+199,6.033159811972817045e+198
2.372728589564054036e+199,-2.109842758876374811e+199
3.495359215341816856e+201,-2.222097498355675381e+201
5.673166693607421139e+201,2.730911978669189491e+201
1.171073623021207184e+204,-1.102748390130346785e+204
1.146306719118469656e+204,-8.077860574391841939e+203
1.064923233525982291e+202,-4.254472467318711994e+202
-3.822866842388382561e+203,-1.231490556341441295e+204
2.732887162979646931e+203,-4.208824580367887829e+204
5.946215909050165537e+200,-8.431023422376977628e+200
-5.795103921114094680e+199,-9.122967243665376093e+199
-2.545685241027470256e+198,-5.878476810650121306e+197
-3.586791830254311467e+198,5.527000028039184916e+199
-2.044426988243682091e+196,-1.838510341137035063e+196
1.366653847368227543e+196,1.103370374142514781e+196
-1.276912359666304333e+193,4.994313744963765649e+192
-5.234684427451437128e+193,6.732360344542959577e+192
-7.621887828810640212e+190,-2.011054050390529993e+192
-2.866282404378320247e+192,-2.105020341041393216e+190
-3.720155212548896062e+189,-7.715734637282803411e+189
-2.621207907400883998e+189,-6.291201469815569883e+188
4.507793152689847427e+186,-3.179158520202778899e+186
8.002801968329056288e+186,2.438691177938657118e+186
8.280860082165371068e+188,-9.047835121794762744e+188
1.163967957025747011e+188,-2.003231566707287294e+188
1.436905745825290232e+191,-8.790195434172053342e+190
2.914969703146801219e+190,-7.347665988859313469e+190
2.113053181163228756e+193,1.872528824512489304e+193
2.693305784467713259e+193,3.511851930435957399e+192
-2.394566289810146202e+195,2.405149537721810124e+195
2.476121122463510924e+195,-8.265802780787772241e+194
-5.752683057405489821e+195,1.010662091506628764e+194
-1.664772276465046276e+194,-4.145901280886537686e+194
6.680518049597581364e+188,-3.232084814902326803e+187
6.398398778615879143e+188,3.223176077426128544e+188
1.485265673535490837e+197,2.330971675611691111e+197
4.334389442769365860e+193,-1.939850083571700786e+193
3.997419793099649644e+190,1.481996890914210826e+191
-2.211240194453126973e+195,-4.394429063204232537e+194
4.188759071529712310e+203,1.290674449051577979e+203
9.504414949230072219e+186,-1.789289670468335916e+186
-3.557920481180691783e+191,-3.589955366510075759e+190
2.408662454621424123e+198,6.763429030834098648e+198
3.408169440132421137e+190,-6.216133861983828182e+190
7.556902190579599785e+188,-3.111022650409748177e+188
3.017047653776708317e+200,-1.202167189268834783e+200
-1.221683868604895632e+192,-3.031885323357739392e+192
3.271713891238399127e+189,1.320115547385745270e+188
-2.003583284219699067e+222,-5.788263757798328768e+221
4.137401712513102931e+195,1.618021426983579096e+196
2.164871086878563523e+187,-8.956038705624357602e+187
-2.400626480233165068e+200,-3.862306474750249699e+200
-7.561059173565827889e+200,1.713067704835119441e+201
-1.795494173672646600e+228,9.645091461873666587e+227
1.078544150420999938e+231,-3.194538240382485686e+230
-2.157919897284021044e+234,1.654688488220889055e+234
-1.725547913251649264e+233,7.488204636578971625e+234
5.421760610932053254e+237,-4.282965703490262353e+237
-6.595454062304507442e+237,-2.308439317182947879e+238
4.799273489140180226e+240,2.940421845578527924e+241
-7.073354925742030746e+241,-5.576886785078483461e+240
1.617062432539753018e+241,5.265225563879778531e+240
-7.317694752221512012e+220,-3.530986344863110560e+220
1.946886068075443189e+230,1.683989885985344038e+231
-4.012540470359644337e+232,1.175980206817466688e+233
-2.560436130502413226e+248,-6.350961102263582508e+247
9.744193658569967646e+247,2.564433485286498178e+248
-8.294626974971412528e+251,1.338251692964894368e+251
4.684146226699385006e+248,-2.658908509511318875e+248
-8.834508000434825108e+251,1.084787112151211933e+252
1.756463352139058601e+248,-1.328380095958020869e+248
-3.452231666351001568e+251,2.723287155154887439e+251
2.050086022611063336e+254,1.155496241576993311e+254
-1.311772981425388288e+255,1.971341669840662489e+255
-6.446593733327397222e+257,-6.368062396440571295e+258
-1.010736830431622645e+259,1.145479847740679456e+258
-2.958103104875460421e+261,-1.315493410097347452e+262
7.221817125875523121e+261,-1.226305975709670841e+262
-4.816801770081280331e+265,-7.052342016585059564e+264
-2.533344864212908160e+265,4.099367599624889829e+265
1.178579627520758065e+269,-1.401345080867203309e+269
-9.512880600690527978e+266,8.185672901310259307e+267
2.762751498932961427e+271,3.494970636370681580e+271
4.529429286406477962e+271,-1.417423370020106290e+271
-1.432363579095314664e+274,1.545493840643942543e+274
-3.311122931402403935e+274,-3.230774740339866842e+273
2.859482136991993246e+278,-1.381567419195021306e+278
2.262771411486877490e+278,-2.798803410442308939e+278
-1.226937672202017871e+280,1.316156711588431930e+280
-6.525698153599960534e+280,6.027606900741508722e+280
2.814371481079833212e+284,-3.078434431184755092e+284
1.803028229697474602e+282,-1.965403422831711150e+282
-2.140869774690828442e+285,4.058055591870145597e+285
-4.839340338577785446e+283,5.019476470156959111e+283
5.076254791132457680e+287,-6.365792780751090509e+287
-3.100434574562399607e+289,3.763695913838461694e+289
-2.364498397855287386e+290,1.181279856407211789e+290
-2.265089529597634649e+289,3.865576532564170682e+289
2.710656235113435115e+293,2.774389608589417265e+293
7.982513034609924616e+292,6.213571624799901942e+291
-inf,5.772378862121885459e+295
-4.498826573261529990e+296,2.542359550171364758e+296
-inf,-3.518854455994108567e+296
5.067477031916956555e+288,-9.337864699756945188e+288
nan,nan
4.174427850876044810e+274,2.617934778510184841e+274
-3.267303151822653512e+244,1.030199734309455596e+244
-7.729822898985684320e+290,7.088181249747344363e+290
6.233109228106391473e+284,-1.665998102924660001e+284
-2.978456085334061650e+289,-7.725369556655018737e+288
8.136042772867729458e+267,2.705886106272395525e+267
-inf,inf
5.872057950126998815e+279,-5.303523360473576434e+279
-6.570424882129190014e+281,1.663628672289929073e+282
inf,inf
-2.870986204014432884e+296,-inf
-4.621736915153264296e+296,-inf
-1.183489583458237568e+281,3.310362110011634280e+280
-5.820889795540627649e+265,-1.005547050384921212e+265
-7.941837737722547931e+290,8.217685052621864360e+289
-1.115814372099774554e+244,1.575766503495967167e+244
2.741006808266992965e+239,-1.585314731314421097e+240
3.730068208843726221e+239,-9.235541224681387635e+239
-1.151629185955545625e+245,1.057454041906161850e+245
6.986477692970334781e+250,9.904294232349574353e+249
2.899372081817891089e+283,8.838125879510327795e+283
-3.998086234702981352e+296,2.858441307221056180e+296
1.083769432860454144e+293,7.991617583630027405e+292
7.307628785078528785e+292,6.890482066535393074e+292
2.435403578295129525e+211,1.474800859362195655e+211
2.959204756754152416e+197,2.404701015016094594e+197
-1.621183623952385136e+240,-1.627761313467973886e+239
7.546696669342838044e+237,-9.941278480278526934e+237
2.415970460484729127e+239,5.226806502182911506e+239
-3.133570249224472495e+279,1.344060064613572875e+279
-1.968264402304691545e+274,1.480288387996354835e+274
8.766824168994625776e+277,-8.459737541048643566e+277
1.219617182475911928e+193,-4.756724840804785313e+192
1.427342083962309643e+195,4.153542725511147669e+194
-4.893167127043349607e+228,1.366584105407292953e+229
1.755456919765436499e+237,-3.432020540868789505e+237
1.689772169751262172e+200,-3.721711533374423343e+199
6.928925012456545178e+217,-1.206623194961080638e+218
-3.230316956754722985e+240,-1.768463736739974439e+240
-7.224118107446491554e+255,2.010166156517632718e+255
7.301896203240918437e+258,-1.027653878099430637e+259
-7.325925777518864933e+233,-1.008175978030889953e+234
8.136507209866060749e+234,-6.523693458782797881e+234
-3.613905661450146174e+231,1.905367610306391294e+231
4.377888781849155266e+228,-1.551157282755803203e+229
6.006969045053470780e+261,1.362351601070950882e+261
-4.029719576269322878e+236,4.395924297545478244e+236
-4.102498736166194784e+288,3.613101905580463696e+287
4.290682518731655227e+202,2.918449495706094353e+204
-1.632439354411263929e+220,6.475103685488983478e+221
5.249691600688775462e+203,-3.127322281123320826e+203
1.817105665727458457e+194,4.517957734144260302e+192
1.008913390400365693e+221,-1.487118743385100614e+221
4.679980395621665839e+214,-4.776750497239438458e+214
-2.881228769888822145e+203,1.466271203466244680e+203
5.512029498930637878e+201,2.834478066899232109e+201
-4.375518606462911931e+240,-2.096407038213824057e+241
1.083873307924515855e+294,-2.626096775159003162e+293
9.410416939772759438e+196,-1.670289820683657133e+196
3.266708774886210402e+201,2.053768991189271565e+201
7.939110832247696514e+193,-1.236087446536343576e+194
-2.841347342104008383e+269,6.229341802795164033e+269
-1.151729231692470966e+272,1.177747377182827879e+272
3.361884308472174763e+275,-1.188856341260646449e+275
-1.321171509712326860e+278,5.330377762317471268e+277
-2.402405454269527603e+196,-2.864739037071461441e+195
-4.731269020127463890e+195,-2.717480667197038479e+195
6.973441416636874825e+195,-9.193505590381269758e+194
-3.910157884625127351e+193,2.024971433657518930e+194
1.355932038018361091e+195,-2.296230208767622240e+195
7.333510532820404897e+195,-2.407262730090123100e+195
1.505298198970686467e+192,2.198908952188469116e+191
3.985154015668638112e+254,1.608502269995204700e+254
-9.766919039239908455e+264,6.675399146541436618e+264
1.031235327325238282e+285,-4.694349948190024218e+285
-1.355674929220801840e+285,7.508000835817112112e+284
1.577369781387006550e+288,-6.339688958571867434e+286
-3.778349340686233843e+230,-2.191254530307306351e+230
-1.073018269317406221e+220,5.036672395359255453e+219
1.998058202885850465e+221,-4.912203382667872172e+221
1.813978092558265491e+218,-2.126178329170314620e+218
1.048801772009569611e+216,-5.242050118982311662e+215
-7.787977129547046001e+214,-1.652436804881858557e+215
9.531050132034817333e+214,-5.632983539753383829e+215
-5.666597405679785194e+200,3.755856577202969381e+200
1.472104507174258001e+204,-2.624805150129646548e+204
-1.395239865897936891e+205,5.847755282715638760e+204
-3.517302838928972907e+208,3.999438983447397855e+206
-2.998358409904501541e+208,1.135169680337326923e+208
-7.424750731711071543e+218,1.234832576808281118e+218
-6.497940149466418755e+261,3.457222053669412205e+261
-7.675085106532412827e+257,2.250514933113861303e+257
3.442659627500793286e+254,-5.953689808623668656e+254
-2.631125637909169133e+256,-2.663213849472695330e+258
-1.428131915674195377e+227,-2.356175310673023159e+227
1.024227603624806008e+233,-9.413471307193065907e+232
3.434399216195448151e+234,-1.198155956025777246e+234
-2.232432240889729006e+234,1.485263747070237173e+234
-7.839585926369801967e+187,1.550453997540661892e+188
-1.027649491338724322e+272,-2.667243434311777130e+271
inf,-inf
inf,-inf
-2.282261260240900083e+296,8.830314062223602770e+295
nan,-inf
-3.062783133992941820e+295,4.631611222586284497e+295
-inf,inf
nan,nan
8.489017524347305023e+291,-1.006948101735589277e+292
inf,nan
-6.356746497451931857e+292,4.983587249907895260e+293
-1.163501791639396184e+193,-4.889431887748126510e+193
1.417081459805566919e+192,2.816141870530773316e+192
2.171471103477380704e+190,-1.004584602518112235e+190
2.198476940796716547e+189,2.666538008314428469e+189
-1.054302618131150551e+191,1.539991231707926738e+191
-1.189285034455606609e+191,1.216575372100762751e+191
1.527076727303923468e+194,-4.374222725857500045e+193
1.082980227356401179e+193,-1.422907622897698191e+193
2.927223800438581713e+191,7.084029963104240563e+191
-4.028923061511026287e+190,-6.909780192861169729e+190
5.232127390498518457e+267,-4.537724984766757741e+267
1.552678045587053493e+288,-2.099863943953355746e+288
2.481686777127860990e+196,-1.357757203607482130e+196
-3.549208497387698907e+260,-1.068564639310173369e+261
-9.725874307134996549e+272,8.157592063468152654e+273
-9.063998502943803431e+189,-6.052096969731310991e+189
1.851374475383545810e+188,-2.642795634766621932e+188
-1.857872703014570615e+189,1.175575434271799512e+189
-3.870342828479428556e+246,-1.539916512174309292e+246
-6.531307996504359027e+246,4.011615888638922021e+245
-2.700875263128682854e+203,1.606599795774350835e+202
4.413369329480870719e+193,-7.845617243098782897e+193
6.570582413267691902e+228,1.300534590368574304e+226
6.875128520978177148e+199,-1.561392670997455483e+199
-5.283057437821861800e+201,-6.804681947062081159e+199
1.139474032446341039e+202,7.295457231059505061e+200
7.612838083922449296e+225,2.097216770968259344e+225
4.534757383562884051e+190,9.810216166506394332e+189
-2.739542357761196393e+192,6.566127329259957653e+190
-4.132674665554421651e+290,3.855879091620050179e+290
-3.436273593517476718e+281,-6.863984418722378051e+280
4.277985014057739509e+275,1.492961776412145012e+274
-3.029387404046204392e+265,-3.996780140135715168e+265
6.518471352808412973e+294,-1.648055286881769605e+295
1.414964893410659246e+201,-7.522855542138780967e+200
1.225273434442334673e+192,-5.341776655440800281e+192
1.586540152230429034e+296,inf
-inf,-inf
-9.957582083269262505e+207,1.238700212149293170e+208
-7.431798205026646514e+211,-2.354002696601334705e+212
2.410746410730013727e+201,1.254151675324977166e+201
1.867157817334749589e+193,1.427217207770431738e+193
-3.698364374533785377e+203,-7.011447568763256453e+203
4.376931729178286693e+187,1.781982500415881285e+187
-1.013248804169237543e+279,1.027140590364648068e+279
4.706261913060273830e+285,8.181225554868136041e+284
-5.883089834465744944e+270,-3.103338929358494932e+271
7.471917518472858625e+293,-5.609828792280253933e+293
-6.152230849968520074e+224,-6.588036092955615357e+224
5.707661749106087260e+191,-4.369935615691504884e+192
2.360047849887057592e+223,-3.929302846402639142e+223
-1.608454383063230768e+191,8.980266901279394583e+189
4.114297648122273290e+277,4.676536602868306623e+277
-2.285474825805663958e+288,2.501712852399068288e+288
-9.269548058264863187e+188,9.064409249096289075e+188
-3.957301035844786126e+288,-1.724661037910726209e+289
-3.662116446796373743e+194,2.079126505369830898e+194
1.382054845394808356e+188,-2.826873156590352555e+188
-7.439340196374424751e+204,-4.316485838758017509e+204
5.345581690601864098e+203,-3.759636032548471901e+203
3.638073995027847285e+224,-2.655966420332638738e+224
3.029172980698459762e+191,-6.863112739618328941e+190
1.802946010946001715e+210,-6.286458608218024714e+210
1.994205875325166688e+189,4.491189802834050034e+188
-1.172741041656080833e+195,1.222237652290221964e+196
6.956775531504261344e+201,-1.107583445889491525e+202
-2.933227059640447922e+200,3.112535717242298177e+201
-1.060541944882550890e+278,-1.044480530551627180e+278
3.400421167798378279e+212,4.487514854280037220e+211
7.454537165234331391e+292,-7.136525917330511799e+292
6.686063749621068476e+186,-1.221589958838979979e+187
2.971902708352212532e+265,-5.294420867341739890e+264
-5.242372604059932367e+238,7.950574440058912024e+238
-1.383784628556797039e+207,-1.578985263289519849e+207
-1.484218333971321867e+288,-5.903532927814991250e+287
5.227725762216353390e+233,5.616125141975058496e+234
-2.517461958378498597e+244,-4.046660157611429032e+244
-6.829673882688155640e+189,9.551247024512477822e+187
-4.382355318733330917e+239,-4.603052062301421085e+239
3.595201730876918871e+191,3.563504722401344579e+191
-5.558803933987085613e+227,3.657577850964517912e+227
-1.454494599664706414e+228,1.221770147021312775e+227
5.062734819794661831e+212,-7.975592635738179563e+211
-1.742554801669540741e+279,2.121707393364364266e+279
8.917316774794503463e+236,-1.390093443342675791e+237
6.633314593252007274e+195,7.270910645577496733e+195
1.420795924017446090e+229,-2.396555660527491170e+228
9.681506108993366384e+207,3.619641656238499673e+207
5.353822680252824554e+192,-1.860773190887494377e+192
1.095072299808165940e+241,-6.814393102364940225e+240
2.434320181627865541e+219,-1.076873775231947956e+219
-5.974053744584815392e+294,-7.042741937418606457e+293
-3.721895102489951662e+188,-4.888919385052750412e+188
3.768424157263351368e+231,7.451529254980908532e+230
2.007280083293368635e+194,-5.172915862029213828e+194
9.763798339535956299e+291,-8.952477551007364199e+292
inf,inf
5.583165856550705784e+187,5.953055107831317260e+185
-1.298457712163197357e+237,1.588168701774610525e+237
5.696204775844650323e+191,-7.641360301835893623e+193
-7.168936499491861856e+196,-8.594311951553460387e+196
2.193271495937383217e+224,-1.302448628855814453e+224
-2.077055115798484703e+296,-inf
1.213757752511582294e+262,-6.238267714925819857e+261
8.960464680341270525e+200,1.332881704759625699e+200
5.124200917483291306e+242,5.636336020521686342e+241
8.237878535211797881e+264,9.053684878659092944e+264
-1.525978258806646958e+272,-3.024325599572129125e+271
1.333114691491857855e+259,4.418199631308157109e+259
-1.039771852469127991e+225,2.216021918343859765e+225
-1.100712726179378151e+293,-4.855352938700608114e+292
7.183068929981015901e+267,-6.062388958994003097e+267
3.799016487722798127e+238,-8.263631408195332905e+238
3.490502385322419086e+200,-1.149294466173050702e+200
-4.208090407638067172e+240,1.149251120791147202e+242
-2.607326847116068239e+213,2.430322118036825784e+213
-5.250995837352332257e+220,3.301798100342729184e+220
-5.549787857254792693e+288,2.095124977241341387e+288
-6.998827359050641885e+230,2.399262499496038857e+231
5.330164543981346059e+285,-1.035930527197794287e+286
-9.152146937267400634e+280,-2.699165971150595358e+280
6.482691933015517761e+191,8.554576181866921792e+191
4.089698906473686807e+195,2.363518003856668813e+195
4.633609121042785900e+190,-5.754258736972136804e+190
1.132180795677545076e+221,-1.960928225676239315e+221
-1.129150203689056451e+201,-1.067106463749079683e+201
-4.140027986272375944e+199,2.926337009230377379e+200
1.391067020680923304e+199,-3.263526740663357572e+198
6.448967341526409643e+224,-3.527838220262005564e+223
2.335947441842879894e+208,3.892207219928056630e+207
-8.685605182083841044e+202,1.274591567118524706e+203
2.315325055352926094e+236,-6.889950311888844276e+236
7.677100612625573750e+240,-4.078704733664199589e+240
4.233116142957589948e+191,1.141088318949022497e+192
-2.845895352527666460e+200,-3.859868721424413357e+199
1.436444310933400365e+192,-6.843248689482148206e+192
3.760041750825455200e+217,-1.717074737246629416e+217
1.392713175007704699e+191,5.405729006607217927e+190
5.028206260305137855e+237,-3.874278683926701451e+237
-1.325595110778617595e+271,1.771914837027503423e+271
4.980022736540921090e+237,-1.584712488016294262e+237
-1.873152375189568544e+191,-1.864568542711429123e+190
3.937681345667986657e+296,-inf
1.204242276721377661e+196,1.661496214950155999e+195
2.619933357025921340e+222,2.298913898108097378e+222
1.298004574077426435e+187,8.690809726132627736e+186
-1.065157211156147707e+281,1.020966698865400986e+281
4.695820164024841993e+234,-3.638013233265727475e+234
-7.626630879361215769e+288,5.980940872340667679e+288
-1.332611091496525493e+211,5.769212151770394789e+210
4.066792073434819775e+247,-3.396729488487319192e+247
-1.260029251759880789e+296,-6.112131133564345718e+294
4.568808032309481135e+203,7.631726791310159288e+203
5.809724841630263276e+224,9.195779898673388112e+224
4.784884276373510584e+192,-2.286588196575746334e+192
-7.402681821810197576e+238,4.662655063646663041e+239
1.063123578190484720e+212,1.004271958350419409e+212
1.202296320187644839e+201,-6.623549867501801917e+200
-2.963550781085090490e+269,-1.126543252513916538e+269
1.150709953965187592e+255,2.598711458306386763e+254
-inf,inf
1.185098366194200789e+200,2.999480263145444402e+200
-1.467236870742004810e+291,2.033897654335174102e+291
-2.902047971039795474e+212,1.849867070763853924e+212
2.160397422386073289e+186,-1.163199744413601521e+188
4.534189532057462533e+239,9.441886394590227324e+240
-5.841638272099498947e+237,-1.786769956306907615e+237
-2.869291195997534417e+289,4.744935177112905624e+289
1.950416215238701493e+192,-1.204433592632551019e+192
-1.271675689324863151e+274,1.087268553827306802e+274
-6.828624075855689799e+191,2.515102462091327870e+191
4.449773362214736752e+228,-7.987418842127337103e+227
-8.308933550470961670e+210,2.001200451308783620e+211
-1.327351010813648535e+278,-3.601411196792708356e+277
4.907695185015674234e+293,1.048685256922059650e+293
-2.726801234236186628e+189,-1.257863315095959371e+189
-1.037167131623406748e+218,1.435777117492320213e+218
-2.479045103208818254e+289,-4.325050885651848471e+288
-4.097796085918898966e+242,-1.126445530227384490e+242
-3.562007472974671383e+250,6.666669355962661249e+249
-1.584421263540351150e+190,-6.432556691959083011e+188
3.787934429943019361e+203,-5.254630328267582182e+203
1.390752464464737090e+285,-2.484691007483093383e+284
4.640131283002158041e+187,-4.160819037655942410e+188
-6.278804209953531489e+203,-1.275779760212410343e+204
3.004646692328225295e+226,-1.719934797098210023e+227
-3.569537149930847383e+211,-8.850095813547257297e+211
-1.236316158179001649e+225,2.706487055656820350e+224
1.624665025274692586e+200,6.377709514267859999e+200
-1.105363191074960469e+192,-3.920634117957412313e+191
-1.578415147293893567e+214,3.875385436666798889e+213
1.386906481190775748e+295,-7.086395676030009491e+294
6.814802372945986451e+194,5.285524494040955755e+193
-1.178263356439642316e+245,8.675269946747601070e+243
-inf,inf
4.157068465913542703e+296,-inf
1.068845259143522888e+288,-9.760546873680384355e+289
